Example Output

> cm  <- makeCacheMatrix(x)
> x
           [,1]       [,2]       [,3]
[1,] -0.6306037  1.1469311  1.1610094
[2,] -1.4304127 -0.4914683  0.6482982
[3,]  0.5312929 -0.1282990 -0.7829101
> solve(x)
           [,1]       [,2]      [,3]
[1,] -0.7002607 -1.1208140 -1.966549
[2,]  1.1604107  0.1842566  1.873397
[3,] -0.6653677 -0.7907939 -2.918814
> cacheSolve(cm)
           [,1]       [,2]      [,3]
[1,] -0.7002607 -1.1208140 -1.966549
[2,]  1.1604107  0.1842566  1.873397
[3,] -0.6653677 -0.7907939 -2.918814
> cacheSolve(cm)
getting cached matrix inverse
           [,1]       [,2]      [,3]
[1,] -0.7002607 -1.1208140 -1.966549
[2,]  1.1604107  0.1842566  1.873397
[3,] -0.6653677 -0.7907939 -2.918814
